[-1,3] ... [0][4]
[2,2] ... [3][3]
[3,4] ... [4][5]
[5,1] ... [6][2]
[1,-3] ... [2][-2]
[3,2] ... [4][3]
[5,0] ... [6][1]
[5,-3] ... [7][-1]
[-2,0] ... [-1][1]
[12,0] ... [13][1]
[-5,0] ... [-4][1]
[-1,-4] ... [2][-1]
[7,-5] ... [10][-2]
[-1,4] ... [1][6]
[4,-4] ... [6][-2]
[-3,4] ... [-1][6]
[14,-13] ... [17][-10]
[6,-8] ... [9][-5]
[7,-11] ... [11][-7]
[5,-2] ... [8][1]
[5,15] ... [8][18]
[4,-6] ... [6][-4]
[7,-21] ... [8][-20]
[21,10] ... [24][13]
[-7,19] ... [-5][21]
[-3,-1] ... [1][3]
[17,7] ... [18][8]
[2,0] ... [5][3]
[-30,6] ... [-27][9]
[19,-11] ... [20][-10]
[1,-17] ... [4][-14]
[-21,-20] ... [-20][-19]
[-21,11] ... [-20][12]
[-17,-2] ... [-15][0]
[-18,16] ... [-13][21]
[-4,21] ... [-3][22]
[4,-19] ... [9][-14]
[14,-23] ... [19][-18]
[-4,-11] ... [-1][-8]
[13,-25] ... [18][-20]
[-13,11] ... [-10][14]
[1,4] ... [6][9]
[-17,24] ... [-15][26]
[14,22] ... [17][25]
[0,28] ... [5][33]
[29,-9] ... [33][-5]
[-28,-39] ... [-23][-34]
[-50,1] ... [-47][4]
[-28,29] ... [-27][30]
[18,37] ... [20][39]
[12,33] ... [16][37]
[2,39] ... [6][43]
[-28,-24] ... [-23][-19]
