<tiboon>
[7,-12] ... [10][-9]
<soupaline>
[-9,-1] ... [-6][2]
<balixt>
[-14,-42] ... [-5][-37]
[-13,-43] ... [-6][-36]
[-12,-44] ... [-7][-35]
<lycans>
[-7,10] ... [8][17]
[-6,9] ... [7][18]
[-5,8] ... [6][19]
[-4,7] ... [5][20]
[-3,6] ... [4][21]
<spignysos>
[-41,-13] ... [-32][-8]
[-40,-14] ... [-33][-7]
[-39,-15] ... [-34][-6]
<moltear>
[-62,31] ... [-49][36]
[-61,29] ... [-50][38]
[-60,28] ... [-51][39]
[-58,27] ... [-53][40]
<cilorile>
[73,-26] ... [82][-21]
[74,-27] ... [81][-20]
[75,-28] ... [80][-19]
<senegarde>
[88,45] ... [97][50]
[89,44] ... [96][51]
[90,43] ... [95][52]
<pofiak>
[-21,83] ... [-16][86]
[-20,82] ... [-17][87]
<khorlan>
[175,-194] ... [184][-189]
[176,-195] ... [183][-188]
[177,-196] ... [182][-187]
<chagarina>
[-324,-576] ... [-317][-573]
[-323,-577] ... [-318][-572]
[-322,-578] ... [-319][-571]
<folket>
[571,-256] ... [576][-253]
[572,-257] ... [575][-252]
<balmanch>
[-345,359] ... [-336][364]
[-344,358] ... [-337][365]
[-343,357] ... [-338][366]
<volcer>
[-306,-153] ... [-291][-146]
[-305,-154] ... [-292][-145]
[-304,-155] ... [-293][-144]
[-303,-156] ... [-294][-143]
[-302,-157] ... [-295][-142]
<d-tritus>
[245,-46] ... [248][-43]
<tarciturne>
[189,113] ... [194][116]
[190,112] ... [193][117]
<nalikors>
[63,151] ... [68][154]
[64,150] ... [69][155]
[65,149] ... [70][156]
<grimorn>
[77,-124] ... [82][-121]
[78,-125] ... [83][-120]
[79,-126] ... [84][-119]
<holovan>
[-156,108] ... [-148][113]
[-155,107] ... [-147][114]
[-154,106] ... [-146][115]
[-153,105] ... [-145][116]
<douriv>
[-91,-105] ... [-78][-100]
[-90,-107] ... [-79][-98]
[-89,-108] ... [-80][-97]
[-87,-109] ... [-82][-96]
<samosa>
[401,89] ... [422][96]
[402,87] ... [421][98]
[403,86] ... [420][99]
[404,85] ... [419][100]
[405,84] ... [418][101]
[406,83] ... [417][102]
[408,82] ... [415][103]
