-92.0
-81.0
-78.0
-84.1
-82.1
-81.1
-79.1
-76.1
-83.2
-82.2
-79.2
-77.2
-85.3
-84.3
-76.3
-84.5
-80.6
-76.6
-81.7
-75.7
-82.9
-81.9
-80.9
-79.9
-89.10
-83.10
-82.10
-79.10
-86.11
-83.11
-81.11
-90.12
-86.12
-83.12
-79.12
-76.12
-87.13
-86.13
-84.13
-82.13
-81.13
-92.14
-82.14
-78.14
-77.14
-74.14
-89.15
-82.15
-80.15
-86.16
-84.16
-78.16
-83.17
-82.17
-76.17
-85.18
-77.18
-89.19
-83.19
-79.19
-77.19
-76.19
-87.20
-76.20
-84.21
-82.21
-78.21
-75.21
-90.22
-85.22
-84.22
-81.22
-80.22
-79.22
-73.22
-84.23
-83.23
-75.23
-81.24
-73.24
-83.25
-81.26
-72.26
-88.27
-79.27
-86.28
-84.28
-83.28
-81.28
-82.29
-85.30
-80.30
-74.30
-87.31
-79.31
-78.31
-77.31
-86.32
-73.32
-82.33
-79.33
-78.33
-77.33
-76.33
-75.33
-79.34
-76.34
-72.34
-84.35
-82.35
-80.35
-77.35
-75.35
-77.36
-77.37
-73.37
-82.38
-81.39
-80.39
-85.40
-78.40
-80.41
-76.41
-74.41
-73.41
-72.41
-70.41
-82.42
-79.42
-70.42
-81.43
-78.43
-76.43
-75.43
-70.43
-67.43
-84.44
-78.45
-75.45
-72.45
-84.46
-82.46
-79.46
-74.46
-68.46
-76.47
-73.47
-84.48
-80.48
-79.48
-66.48
-83.49
-79.49
-75.49
-67.49
-65.50
-64.50
-74.52
-70.52
-75.53
-71.53
-80.54
-79.54
-75.54
-73.54
-72.54
-69.54
-65.55
-77.56
-70.56
-67.56
-72.57
-71.57
-67.57
-66.57
-64.57
-61.57
-76.58
-62.58
-74.59
-73.59
-72.59
-71.59
-66.59
-70.60
-65.60
-70.61
-68.61
-63.61
-71.62
-67.62
-64.62
-57.62
-67.63
-63.63
-61.63
-72.64
-69.64
-61.64
-60.64
-69.65
-66.65
-65.65
-63.65
-61.65
-72.66
-68.66
-67.66
-64.66
-62.66
-61.66
-69.67
-64.67
-67.68
-57.68
-66.69
-63.69
-62.69
-59.70
-68.71
-66.71
-61.71
-64.72
-69.73
-63.73
-61.73
-52.73
-63.74
-57.74
-65.76
-55.76
-53.76
-47.76
-67.77
-63.77
-59.77
-58.77
-57.77
-55.77
-52.77
-51.77
-65.78
-62.78
-58.78
-55.78
-52.78
-49.78
-47.78
-54.79
-49.79
-59.80
-56.80
-50.80
-48.80
-44.80
-59.81
-57.81
-63.82
-53.82
-50.82
-49.82
-61.83
-45.83
-58.85
-56.85
-55.85
-53.85
-49.85
-48.85
-61.86
-58.86
-57.86
-55.86
-52.86
-49.86
-46.86
-43.86
-40.86
-48.87
-44.87
-40.87
-36.87
-47.88
-50.89
-41.89
-40.89
-38.89
-53.90
-52.90
-45.90
-40.90
-39.90
-52.91
-51.91
-47.91
-46.91
-44.91
-42.91
-36.91
-47.92
-46.92
-40.92
-34.92
-42.93
-41.93
-37.93
-51.94
-44.94
-33.94
-29.94
-39.95
-37.95
-33.95
-31.95
-30.95
-47.96
-45.96
-44.96
-34.96
-27.96
-42.97
-36.97
-34.97
-29.97
-46.98
-40.98
-30.98
-44.99
-36.99
-33.99
-32.99
-27.99
-33.100
-32.100
-31.100
-28.100
-24.100
-40.101
-30.101
-26.101
-22.101
-43.102
-41.102
-39.102
-36.102
-33.102
-30.102
-27.102
-25.102
-23.102
-41.103
-33.103
-35.104
-26.104
-31.105
-28.105
-26.105
-24.105
-20.105
-35.106
-23.106
-35.107
-31.107
-26.107
-24.107
-23.107
-21.107
-29.108
-23.108
-26.109
-25.109
-24.109
-23.109
-25.110
-20.110
-24.111
-21.112
-19.99
-19.102
-19.105
-19.106
-19.110
-18.101
-18.112
-18.116
-17.104
-17.107
-16.107
-16.108
-16.109
-16.110
-15.100
-15.107
-15.109
-15.111
-15.112
-14.106
-14.109
-14.110
-14.113
-14.115
-13.103
-12.102
-12.103
-12.106
-12.110
-11.105
-11.110
-11.112
-11.115
-11.116
-10.112
-9.105
-9.108
-9.116
-8.104
-8.106
-8.108
-8.110
-8.111
-8.115
-7.105
-7.108
-7.110
-7.112
-6.110
-6.116
-5.114
-4.109
-4.110
-3.110
-3.114
-3.117
-2.111
-2.112
-2.115
0.108
0.112
0.115
0.116
1.110
1.116
2.108
2.111
2.113
2.114
3.106
3.117
4.115
4.119
5.107
5.109
5.110
5.113
6.110
6.111
6.114
6.115
6.117
6.121
7.108
7.112
7.114
7.117
8.119
8.120
9.108
9.110
9.112
9.113
10.105
10.114
10.116
10.117
11.110
11.111
11.112
11.114
11.115
11.116
12.107
12.115
12.116
13.111
13.112
13.118
13.120
14.110
14.116
14.120
15.112
15.119
15.120
15.121
15.122
16.114
16.116
16.119
17.117
17.119
17.120
17.124
18.114
18.115
19.113
19.121
20.112
20.113
20.114
21.114
21.116
21.118
22.109
22.112
22.114
22.115
22.122
23.119
24.109
24.119
24.121
25.109
25.111
25.114
26.109
26.110
26.114
27.116
28.114
29.112
29.113
29.122
30.110
30.114
30.118
30.124
31.112
31.117
31.122
32.115
32.117
32.118
33.115
33.116
34.110
34.118
34.119
34.122
35.112
35.114
35.116
35.117
35.120
36.110
36.114
36.115
36.116
36.125
37.118
38.110
38.114
38.121
38.122
39.108
39.110
40.113
40.114
40.120
41.117
42.110
42.112
42.115
42.117
42.121
43.113
43.115
43.116
44.110
44.113
44.115
44.120
45.115
45.116
45.118
46.114
46.117
47.115
48.108
48.111
48.114
48.115
48.119
50.111
50.114
50.116
50.123
51.115
51.117
52.111
52.113
52.116
53.112
53.114
54.106
54.113
54.114
54.115
55.113
55.114
56.108
56.109
56.119
57.111
57.112
57.115
58.106
58.108
58.111
58.112
58.116
58.118
58.119
58.120
59.104
59.110
59.111
59.117
61.104
61.109
61.112
61.115
62.119
63.106
63.110
63.112
63.114
63.115
64.100
64.101
64.109
64.110
64.111
64.113
65.108
65.109
66.102
66.103
66.106
66.108
66.109
66.110
67.108
67.109
67.110
67.111
68.101
68.104
68.105
68.109
69.101
69.112
70.105
70.107
70.109
71.97
71.104
71.106
71.110
72.109
72.114
72.116
73.104
73.108
74.106
74.108
75.95
75.108
75.111
75.112
75.113
76.103
76.107
76.109
76.111
77.104
77.107
78.97
79.101
79.105
80.95
81.109
82.92
82.101
82.102
83.93
83.95
83.96
83.97
83.98
83.102
83.103
83.107
83.109
84.99
84.100
85.104
85.105
86.97
86.98
86.99
86.100
86.101
86.102
86.103
86.106
87.90
87.96
87.97
87.105
88.91
88.92
88.93
88.98
88.100
89.96
89.99
90.98
90.99
90.100
91.90
91.92
91.93
91.98
91.106
92.92
92.95
92.97
93.92
93.93
93.98
94.86
94.88
94.90
94.91
94.94
94.96
94.99
94.101
95.90
95.92
95.94
96.94
96.95
98.83
98.95
98.98
99.79
99.83
99.84
99.87
99.90
99.91
99.92
99.95
100.81
100.83
100.85
100.87
100.88
100.89
101.83
101.87
101.92
102.87
102.99
103.77
103.82
103.84
103.87
103.90
103.93
103.98
105.79
105.83
105.84
105.86
106.76
106.80
106.84
106.87
106.94
106.95
107.75
107.76
107.82
107.85
107.88
108.78
108.79
108.82
108.83
108.86
109.80
109.82
110.75
110.78
110.80
110.81
111.80
111.81
112.75
112.79
113.75
113.84
114.81
115.76
115.78
115.79
116.75
116.84
117.83
118.77
120.76
103.74
107.74
111.74
117.74
124.73
109.72
111.72
120.72
121.72
105.70
107.70
111.70
114.70
121.70
115.69
118.69
119.69
126.69
118.68
119.68
112.67
123.67
111.66
120.66
111.65
119.65
123.65
115.64
119.64
120.64
127.64
120.63
124.63
114.62
120.62
123.61
127.61
116.60
122.60
124.60
127.60
128.60
115.59
117.59
118.59
119.59
115.58
118.58
119.58
120.58
124.58
126.58
131.58
132.58
124.57
126.57
134.57
120.56
124.56
127.56
130.56
124.55
124.54
126.54
121.53
125.53
126.53
129.53
128.52
130.52
132.52
134.52
121.49
122.49
130.49
136.49
125.48
131.48
122.47
127.47
132.47
133.47
137.47
126.46
128.46
136.46
129.45
131.45
133.45
135.45
136.45
127.44
128.44
130.44
132.44
134.44
121.43
122.43
127.43
129.43
135.43
130.42
129.41
133.41
126.40
127.40
128.40
133.40
137.40
130.39
133.39
136.39
138.39
139.39
128.37
132.37
134.37
133.36
137.36
138.36
139.36
127.35
130.35
131.35
136.35
134.34
136.34
138.34
133.33
134.33
129.32
135.32
137.32
138.32
135.30
137.30
140.30
131.29
134.29
141.28
133.27
143.27
135.26
130.25
133.25
137.25
129.24
131.24
132.24
134.24
139.24
128.23
129.23
133.23
139.23
144.23
145.23
144.22
137.21
130.20
131.20
133.20
136.20
134.19
143.18
144.18
145.18
132.17
135.17
134.16
135.16
137.16
138.16
132.15
145.15
133.14
134.14
137.14
139.14
144.14
129.12
133.12
134.12
136.12
137.12
139.12
141.12
143.12
136.11
141.11
129.10
135.10
136.10
129.9
134.9
130.8
133.7
137.7
141.7
131.6
135.6
142.6
132.5
135.5
137.3
142.3
134.2
136.2
130.1
133.1
134.1
136.1
131.0
133.0
135.0
142.0
